0
1
0
32
65
8320
128
4096
524292
524292
524292
4096
32
18015550785767428
18015550785767428
1152276236292
1125899906842640
1125899907104784
1125899906842640
1152275974148
1152276236292
128
2252912210214912
2252964974561284
2252964974561284
278108263415936
278108263415936
2252964974561284
16777216
128
2252964974561284
2252964974561284
2252964974561284
536871040
206695301248
536871040
206695301248
1031329022080
206695301248
1031329022080
536870912
268435456
844424930131972
278108259221632
128
4096
4096
18015550785767428
65536
2252964974561284